0
0
0
0
0
280432
-557715
1378554
1121724
1963444
1319913
292594
3659469
1085350
1170373
2054966
147092
487189
-168741
588367
1948754
3519336
2353468
-593592
1494432
1025264
1819936
1783425
-93246
3085436
2939396
-372984
-241168
3368977
2702370
-964675
892999
2420871
335602
-622311
1294879
1342406
1705057
985214
1175317
2625926
-253451
506966
2115092
3180501
2027867
71758
139088
-277139
287034
556349
-1108554
1148133
2225399
-239913
398227
512986
-959655
1592910
2051941
355687
2177334
4013457
1422750
320725
3470918
1496692
1282901
1300762
1792461
937303
1008742
2975537
-445089
-159338
3513537
2413950
-637356
1471237
1267195
1644878
1690641
874478
2385204
2568261
3497915
1152207
1884434
1408744
414525
3343434
1440668
1658101
790826
1568364
2438100
-1031000
2079152
1363793
70307
4122302
1260864
281228
3906296
849152
1124912
3042272
-797695
305347
3780479
1003522
1221384
2539005
-180213
691230
1767408
3473452
2764920
-1318976
1310897
2671075
-1081601
1049283
2295691
-132102
2824
794157
-528406
11292
3176628
2080681
45170
123596
-65883
180683
494382
-263536
722733
1977530
3140157
2890935
-478489
-22286
3175129
2280350
-89148
117605
732794
-356595
470422
2931172
2767924
1881689
3336083
2683086
-861856
761420
2343737
746883
-1148626
986336
2987532
-400199
-248957
3561519
2593507
-995830
1663160
1985420
210984
2458336
3747376
843936
1444736
2406592
-818559
1584642
1237756
920068
2144264
756721
-514030
188444
3026885
2138186
753772
-475372
164136
3015089
2292819
656542
-522560
782669
2626170
2104061
3130679
2116070
27632
-60195
75674
110524
-240779
302699
442095
-963117
1210794
1768376
341836
648873
-1315102
1367341
2595495
-1066106
1275056
1993372
-70120
905920
-415120
-280479
3623682
2533820
-1121916
1911817
1746675
-293361
3452962
2792392
-1173444
1228937
2780962
-499476
721445
2735243
2196399
2885778
2552361
396991
-1039801
1820835
1587963
35099
3089035
2157546
140393
-226769
241574
561569
-907074
966292
2246277
566010
-329140
596501
2264043
2877743
2386003
667562
-1071943
1155407
2670246
-93472
427324
2292376
3820417
1709299
780895
2698754
2642889
3123582
2406405
2182951
4105719
1237010
343193
3839967
753735
1372771
2776954
-1179367
1296783
2719206
-523167
992830
2488212
2101636
3971321
1564242
17932
3302373
2062666
71725
626583
-137946
286897
2506334
3642516
1147589
1636730
1987149
396055
2352614
3754288
1584220
1021849
2434242
2142573
4087399
1348359
181682
3766680
1199133
726731
2483806
602224
-1287379
1546619
2408895
-955214
1992169
1246974
373444
3774372
793592
1493776
2514577
-1019934
1780796
1669700
114569
2928883
2484494
458273
-867377
1549366
1833088
724796
2003160
3138049
2899186
-375971
-30713
3208135
2690418
-122855
249630
2373060
3702885
998523
1103630
2228624
-200211
220219
525887
-800846
880873
2103550
990917
-670810
25588
3963668
1511064
102353
3271763
1849951
409410
504137
-988802
1637636
2016548
239097
2356242
3871885
956390
1036356
2904628
-368744
-48880
3229905
2719330
-195523
336710
2488708
3412212
1346841
1566226
1065933
1193063
2070598
69425
577950
-106220
277700
2311801
3769426
1110797
858599
2494791
248882
-759912
1590556
995529
1154658
2167916
-212188
424329
283059
-848753
1697314
1132233
799295
2594950
334625
-997122
1991188
1338500
205816
3770448
1159697
823266
2498876
444484
-901239
1606899
1777935
589346
2233288
2917437
2357386
544540
-913163
1040939
2178158
541649
-30545
324023
2166595
4072122
1296089
277775
3705574
990049
1111103
2239383
-234109
250106
568921
-936434
1000420
2275684
448568
-192623
714131
1794270
3423809
2856526
-1211532
1112324
3037496
-651824
254992
3761376
1587008
1019969
2462595
2153727
4079875
1461770
226296
3736589
1652779
905182
2363440
2416813
3620730
1065149
1278646
1900004
66292
920281
-788590
265164
3681125
1039947
1060654
2141585
-34514
48309
177735
-138057
193235
710938
-552231
772942
2843748
1985381
3091771
2986383
-447086
-215832
3556925
2405962
-863331
1644790
1235237
740982
2384852
746645
-1230374
1150797
2986583
-727193
408882
3557720
1285533
1635531
1647967
947827
2347818
2397560
3791308
1002664
1201633
2582322
-183652
612229
1940683
3459694
2448913
-625874
1255860
1407044
1690809
829139
1433870
2568928
-877747
1541179
1887102
683312
1970413
3354107
2733246
-506959
833519
2544375
2166466
3334072
1788893
277259
753374
-1233040
1109037
3013498
-737860
241844
3665385
1242867
967375
2078626
777161
-324802
-74107
3108647
2895094
-296432
-148324
3191768
3008576
-593296
184160
3645696
1821120
736640
1999872
3090176
2946560
-389120
-222208
3397632
2637825
-888829
1007614
2162688
638989
-163845
262143
2555955
3538922
1048569
1835215
1572775
-30
3146552
2096796
-120
3297
-1422
-484
13189
-5686
-1940
52756
-22744
-7759
211026
-90979
-31033
844102
-363919
-124130
3376405
2738630
-496524
922709
2565914
2208205
3690839
1875047
444210
2180440
3305885
1776843
333150
640624
-1281235
1332603
2562495
-930637
1136106
1861368
471757
350122
-943139
1887030
1400484
421749
3353818
1407628
1686997
832363
1436206
2553680
-864851
1550523
1826111
734898
2007785
3110142
2939588
-357467
-142342
3369740
2764437
-569365
896046
2669136
1916844
3584185
2287939
-721234
1753825
763151
1309366
2820992
-1141699
1043163
2895358
-372495
-21649
3192823
2704322
-86600
188381
2428682
3847900
753525
1326123
2808687
-1180206
1110185
2846143
-526522
246433
2995967
2088214
985729
-599041
-35754
3942912
1798141
-143014
3188733
2998263
-572058
172017
3604446
1906069
688070
1834869
3429974
2752277
-1049130
1136981
2620502
-2220
353620
2093401
4185426
1414476
-15004
4158793
1463602
-60019
4052263
1660103
-240078
3626137
2446111
-960313
1921635
1395834
353049
3492239
1389030
1412192
1386045
1361819
1454463
1349875
1252971
1623546
1205192
817581
2299882
626460
-923980
810920
2505841
498386
-950627
1634759
1993542
391793
2344735
3779863
1567170
990329
2536543
2074375
3961315
1757563
-91109
3262347
2835946
-364440
466477
2955178
2736541
1865911
3432103
2557554
-924968
1145500
1841609
494434
387693
-1022169
1977735
1550770
105624
3716636
2008777
422498
2283629
3840806
1689989
745911
2780310
2565649
2983646
2732628
1873989
3545979
2541902
-892655
1601007
1778999
623683
2209722
2921688
2494732
450280
-896159
1590323
1801119
609667
2166987
3010171
2438667
279338
-542231
1366062
1117348
2025381
1269947
275086
3907217
885486
1100340
3045956
-652360
207057
3795218
1584861
828230
2597957
2145142
3312916
2003221
191962
668749
-375722
767845
2674998
2691413
3071382
2311380
2377044
3896921
856915
1119566
3004768
-766644
283960
3630465
1127730
1135837
1938951
316614
349040
-632804
1266457
1396163
1663086
871521
1390351
2458038
-708223
1367102
1443540
1361413
1274107
1579854
1251344
902124
2125113
811074
-585812
111844
3244296
1851056
447376
394273
-984381
1789502
1577088
256781
2963707
2114046
1027120
-728083
67578
4108477
1281974
270309
3850998
933589
1081238
2821076
-459948
130649
2895698
2354509
522599
-1000122
1029425
2090398
193813
-76601
-27018
775248
-306403
-108069
3100991
2968691
-432278
-178951
3486158
2465188
-715804
1361721
1472146
1331084
1252581
1694282
1130029
816023
2582822
325809
-930209
1942678
1303232
473468
3576408
1018625
1893874
1722717
-119801
3381190
2696561
-479201
941847
2397634
2277497
3767391
1201927
721378
2486649
613406
-1308796
1557988
2453624
-1040880
2037649
1425890
30781
3956295
1509254
123120
3242268
1842712
492481
386163
-1017762
1969920
1544652
123257
3685379
1984302
493024
2158605
3742907
1972094
245809
2388718
3694068
983236
1166265
2193363
-261362
470752
384845
-1045446
1883005
1539383
12518
3337712
1963228
50073
767939
-535697
200291
3071754
2051512
801164
-295896
-182559
3204658
3010717
-730234
235717
3654262
1273365
942870
2034132
899157
-422821
-252081
3596627
2503018
-1008328
1803596
1623464
160993
3020082
2299549
643975
-502585
809586
2575896
2183965
3238347
1914975
347250
370473
-728706
1388996
1481892
1279481
1361683
1733263
923619
1252426
2738744
-499828
815400
2566369
2194994
3261596
1876869
391371
463471
-881134
1565481
1853887
669766
2067617
3221247
2679062
-118143
302079
2327638
3721728
1208317
921947
2303999
638962
-506520
827388
2555849
2168227
3309551
1834787
284299
655291
-1049462
1137193
2621166
-3548
354468
2096057
4180114
1417868
-4380
4137545
1477170
-17524
3967268
1714376
-70096
3286161
2663202
-280388
561732
2264200
3072753
2246930
668189
-291897
599111
2672755
3026714
2396440
2302412
3718248
1197152
821041
2290082
594301
-910138
771716
2377205
553754
-1107444
1120213
2215018
-235475
286551
471463
-941902
1146201
1885855
426695
390499
-845189
1706779
1561995
813546
2632809
2053679
3254183
2142626
-173895
433823
181895
-695581
1735290
727576
1411981
2746859
-1284001
1453619
2598826
-941704
1620172
2006696
427489
2286387
3832479
1709954
756936
2747004
2645513
3027747
2599407
2193443
3722379
2009019
385162
2306600
3841773
1540650
837788
2784180
1968296
3351152
2748112
-515424
821696
2603840
2132609
3286787
2026750
141825
564239
-281610
567297
2256959
3067863
2269187
639226
-311464
688140
2556905
2948451
2752558
1839009
3405199
2621622
-1032575
1037886
2097876
64005
-42757
2895
256018
-171031
11582
1024069
-684121
46326
4096273
1457823
185302
3802176
1636989
741210
2625788
2353653
2964842
2114541
1026006
-723548
69557
4104027
1300111
278227
3833195
1006139
1112906
2749865
-169746
257316
2610852
3515321
1029267
2054798
1478369
-77233
4024887
1719171
-308934
3516633
2682383
-1235738
1483617
2340927
-748649
1740162
975097
1199710
2766340
-293915
604538
2676748
3018644
2418153
2318386
3685965
1284006
884932
2160948
941721
-654574
255181
3766887
1576006
1020720
2484636
2109721
4082883
1549935
50274
3748616
2005437
201099
2411551
3827442
804392
1257596
2726856
-976736
836081
2518818
287356
-849979
1686667
1149422
794385
2552366
403381
-1016761
1820854
1613521
127263
3089111
2259779
509051
-226470
650504
2036205
3288427
2602014
-243791
570799
2019447
3219138
2283192
-310819
293642
744157
-1243274
1174565
2976631
-778794
503953
3517919
1079127
2015811
1488762
122201
3868942
1760740
488805
2892858
2848652
1955221
3182826
3005997
-567721
148390
3635376
1923421
593563
1958590
3499376
2374252
-554247
1414595
1108398
1977312
1464077
239290
3714940
1662004
957161
2276850
2453709
3828646
718789
1426230
2731669
-1319145
1510615
2538066
-1082280
1848157
1763658
-134819
3198327
2860327
-539278
210392
3052700
2037192
841568
-372111
-239837
3366271
2705859
-959350
882169
2434830
356900
-665628
1350712
1427601
1531795
1208542
1516097
1932879
639863
1870082
3537209
2559455
-908282
1565920
1849213
561178
2069373
3202550
2244708
-111116
227288
590225
-444462
909148
2360901
2416458
3636588
1054996
1277225
1963443
25679
914595
-534838
102713
3658382
2054949
410854
2050612
4025493
1643419
-186162
3519056
2379372
-744647
1493314
1128876
1215717
1778954
321197
668566
-1272795
1284791
2674262
-896880
944861
2308443
606782
-414863
845166
2427124
2534853
3380666
1319885
1750807
939751
1085235
2808923
-435302
146633
2847086
2453092
586532
-1194568
1423760
2346129
-583965
1500734
995905
1858447
1808630
-210687
3239486
3040212
-842748
375032
3772240
823313
1500130
2506045
-901049
1806214
1635568
590108
3030553
2347971
2360430
3733600
1003277
1053115
2351486
-181200
18157
1017339
-724801
72627
4069355
1295098
290505
3694511
986086
1162016
2195132
-249960
453761
391922
-999843
1815047
1567687
194930
3065881
2076446
779717
-319386
-82827
3118871
2916759
-331309
-107430
3278424
2869069
-429718
530780
3087669
2475435
2123118
3962064
1513132
103865
3265347
1858223
415458
478473
-955714
1661829
1913894
371444
2453012
3461273
1485778
1423437
1262182
1748804
1499445
854427
2800910
1803472
3417708
2815032
-1174720
1087920
2871520
-504575
157378
3097469
2176007
629511
-193037
315419
2518043
3422155
1261674
1683560
1105709
852395
2539934
228528
-784723
1771130
914108
1055412
2890217
-537869
27343
3172258
2042825
109374
106117
-217305
437494
424465
-869217
1749974
1697856
717436
2805592
2597121
2869747
2833758
1999872
3090380
2946424
-389120
-221392
3397088
2637825
-885565
1005438
2162688
652045
-172549
262143
2608178
3504104
1048572
2044104
1433505
-13
3982110
1539712
-52
3345529
1964547
-210
799200
-530419
-838
3196797
2072630
-3355
204278
-98091
-13417
817110
-392368
-53667
3268442
2624829
-214666
490853
2110710
3335637
1963415
54231
759634
-534952
216925
3038539
2054494
867696
-428755
-170629
3470783
2479283
-682517
1300219
1528523
1464235
1006571
1919787
1662635
-168021
3484843
2456235
-672085
1356458
1436328
1505964
1231528
1551009
1829554
731805
2009735
3123911
2927219
-349669
-87270
3320265
2795630
-349084
698148
2793912
2797969
2792594
2787036
2803269
2781770
2759533
2824471
2738470
2649521
2909278
2565269
2209478
3248500
1872469
449306
411085
-898730
1797221
1644342
599381
2994582
2383061
2397526
3589717
1143639
1201495
1775955
380251
611674
-1284792
1521004
2446697
-944862
1889708
1398181
414858
3364524
1398421
1659435
875182
1399377
2443439
-693578
1403201
1385150
1419988
1418500
1346297
1485651
1479695
1190883
1748298
1724472
569229
2798890
2703581
2276918
2806949
2425719
719063
-1355118
1314264
2876252
-1226167
1062754
3116397
-710361
56711
4076979
1352859
226843
3725002
1217128
907372
2317097
674210
-564820
879780
2696841
1935026
3519116
2398757
-648501
1493551
1206419
1600299
1779899
631371
2206890
2925288
2525485
438954
-881763
1713334
1755812
667252
2659032
2828944
2669008
2247520
2927169
2287427
601470
-874239
761103
2405878
697344
-1149892
1234904
2789376
-405264
745313
2768899
2573246
2981248
2686988
1904376
3536384
2359344
-771104
1562625
1048770
1109884
2056196
776
245232
-163824
3105
980930
-655300
12421
3923722
1573101
49686
3111973
2098103
198742
-135024
3805
794970
-540100
15221
3179883
2033902
60881
136622
-253004
243525
546490
-1012019
974102
2185956
146229
-297894
355213
584918
-1191579
1420855
2339671
-572014
1489113
970078
1906245
1762151
-313993
3430675
2854299
-1255974
1139784
3028588
-829592
364832
3725745
875939
1459327
2320067
-690549
1643003
891658
1432104
2377708
-627672
1534112
1122225
1683618
1942141
294598
2540165
3574262
1178389
1772055
1714135
519250
2893912
2662237
2077002
3187036
2260341
-80598
165229
652758
-322396
660917
2611034
2904717
2643670
2055525
3230262
2186069
-166506
338132
355668
-666024
1352528
1422673
1530211
1215806
1496385
1926542
668916
1791237
3511866
2675661
-1223657
1464550
2314032
-700323
1663898
867517
1393015
2461286
-724239
1377758
1456532
1297348
1316729
1631826
995085
1072615
2332998
-213967
96158
943381
-855866
384629
3773527
770838
1538513
2511199
-1110954
1959745
1656191
-249514
3644673
2430463
-998058
1995776
1333244
202072
3788800
1138673
808291
2572286
360385
-961137
1900535
1441538
349752
3407837
1571850
1399004
1048437
2093098
1401709
-553
4178086
1412528
-2212
4129433
1455811
-8850
3934816
1628941
-35398
3156348
2321461
-141590
42477
897238
-566364
169908
3588953
1928851
679631
1772899
3521099
2718523
-1297014
1501480
2485485
-993750
1811613
1553334
219301
3052151
2019030
877201
-374305
-312489
3508802
2697081
-1249953
1452295
2399714
-805512
1614876
1210248
972257
2265203
646686
-305280
672204
2586745
2973186
2688813
1958374
3504132
2366644
-555111
1433619
1077966
1973857
1540175
117559
3701122
1966393
470239
2221575
3671266
1880952
497693
2102154
3329501
1990775
20007
735091
-425510
80024
2940365
2492267
320095
-821454
1580456
1280380
908489
2127523
927214
-560351
121487
3708854
1952897
485951
2252502
3617281
1943806
621396
1886212
3580921
2485587
-843762
1740769
1553743
819255
2768771
2020666
3277017
2686478
-305948
525157
2357307
2970511
2100626
1040616
-700868
13897
4162467
1390830
55585
4066958
1369012
222341
3684922
1281740
889365
2156779
932655
-636845
238506
3730616
1646924
954025
2339555
2393391
3816098
969609
1184959
2681478
-315872
545533
2337307
2930814
2182129
960622
-859660
339909
3842491
755663
1359635
2787050
-1171655
1244238
2759588
-492315
782651
2649742
2225041
3130606
2210356
511556
-60487
452819
2046222
3952353
1811278
-203723
3226502
3050804
-814891
323099
3814606
934737
1292398
2675508
-455356
975288
2313424
2372880
3901153
865091
1102910
3021696
-733939
217339
3698175
1258547
869354
2209785
839887
-716889
450530
3359545
1326751
1802119
855267
1112698
3014168
-773236
256489
3668066
1101356
1025957
2089354
211117
-90473
-31194
844465
-361889
-124777
3377858
2746744
-499107
928522
2598365
2197878
3714084
2004853
402907
2273423
3825106
1611624
705084
2717513
2252194
2820333
2481446
620164
-1301579
1537179
2480654
-1012016
1954413
1534010
146236
3623349
1941738
584941
1910486
3572644
2339765
-746662
1707660
970453
1207659
2636334
-312495
636335
2156727
2944322
2545336
238301
-805622
1792732
953204
971816
2976625
-381486
-307044
3517892
2668360
-1228176
1488656
2284833
-718397
1760318
750721
1320719
2846966
-1191424
1088572
2999257
-571389
159982
3608416
1908748
639928
1850753
3440690
2559709
-985593
1179847
1850227
251930
525080
-987700
1007720
2100321
243506
-163427
12678
974020
-653707
50715
3896078
1579473
202863
3001399
2123586
811448
-577315
105739
3245790
1885040
422957
400250
-848452
1691829
1601002
800492
2573013
2209706
3201965
1903447
450215
224946
-774824
1800860
899784
1095009
3009138
-595171
185735
3647942
1813617
742943
2008854
3060161
2971775
-353193
-342269
3498491
2781531
-1369078
1411049
2737519
-1282009
1449891
2561467
-933734
1605256
1857260
459368
2226720
3234737
1837475
518271
356034
-1038712
2073084
1424136
39457
4098035
1502239
157827
3809227
1814651
631307
2653994
3064296
2525229
2227371
3868574
1712305
520879
2891383
2654915
2083515
3176923
2231050
-54551
124782
535588
-218204
499128
2142352
3321489
1996514
180796
703044
-402551
723186
2812173
2584102
2892741
2860086
1947796
3182357
3051738
-597428
146516
3818345
1804594
586061
2690470
3024069
2344247
2373270
3707664
988380
1104472
2247745
-240782
223580
602372
-963127
894323
2409487
341794
-617015
1249342
1367172
1726244
803064
1274384
2710672
-982048
903232
2454080
266112
-581375
1427714
1064444
1868805
1516554
63469
3280918
1871908
253877
540763
-900977
1015506
2163048
590396
-132279
263586
2361580
3665188
1054344
1057712
2077841
23075
36542
-77248
92301
146171
-308993
369202
584680
-1235971
1476811
2338718
-749584
1712941
966266
1195965
2657463
-329242
589552
2241245
2877339
2358206
576368
-1073556
1044217
2305474
-99924
-17436
833288
-399695
-69742
3333149
2595526
-278971
749686
1993493
3078423
2998743
-414637
-269221
3606363
2535755
-1076885
1842539
1754411
-113238
3175849
2823343
-452954
120480
2904765
2382490
481917
-963849
1141351
1927666
338905
371103
-677946
1355617
1484415
1482519
1228162
1743352
1735772
718345
2779107
2748782
2873376
2727821
2606523
3104894
2522672
2037484
4030969
1702082
-238676
3540965
2614026
-954708
1580949
2067499
375471
2129490
4075689
1501887
129350
3719841
1813246
517397
2296454
3058676
2069589
797211
-348209
-110253
3188842
2801465
-441009
172454
2817248
2430268
689817
-1313917
1332462
2759264
-1061363
1135547
2648447
-51149
347883
2205178
3989705
1391535
432103
3375906
1371832
1728413
920714
1293020
2719348
-511448
977777
2488786
2148508
3911109
1566539
205422
3061521
2071854
821684
-336828
-101192
3286737
2846994
-404772
564036
2999369
2575219
2256143
3608866
1912265
635967
1852551
3454755
2543866
-978407
1236111
1786854
280673
750143
-1241193
1122691
3000571
-770470
296457
3613678
1112421
1185831
1871798
255376
549020
-901415
1021507
2196078
588640
-108276
395705
2354563
3761199
1582818
1029640
2461884
2136969
4118562
1458924
159268
3891336
1641392
637073
2982435
2371262
2548289
3541135
1096439
1804547
1581627
191450
3023880
2132205
765802
-487395
140214
3063204
2244724
560857
-330094
590284
2243429
2873931
2361134
585104
-1087188
1055929
2340419
-154449
29410
973065
-617793
117639
3892259
1723131
470554
2986121
2698223
1882214
3555873
2404286
-859755
1640582
1228533
755286
2368020
719828
-1173159
1083475
2879310
-498336
139597
3128635
2200959
558387
-68374
415225
2233550
3920804
1660901
545595
3100302
2449297
2182382
4012597
1408582
340917
3467478
1440021
1363670
1286997
1565783
1260375
953683
2068826
847192
-379572
-113303
3388771
2676014
-453215
972175
2315446
2381441
3888702
873173
1137158
2971892
-701611
354330
3498957
1387863
1417319
1412914
1357144
1474972
1457352
1234273
1705587
1635102
742784
2628045
2346106
2971132
2123572
995817
-698382
105677
3983270
1400773
422710
3350164
1408789
1690842
817741
1440855
2569063
-923342
1569112
1887644
500937
2082146
3356269
2003750
-60027
842166
-373612
-240108
3368665
2699858
-960435
891751
2410823
352562
-627303
1254686
1410245
1685094
824437
1446679
2546071
-896558
1592409
1795678
608068
2175333
2988410
2432269
312727
-629273
1340466
1250904
1677213
1167563
809311
2514547
475947
-957061
1669578
1903784
366061
2484011
3420831
1464242
1547432
1100413
1662667
1995422
207345
2456367
3787383
829379
1436858
2566616
-876787
1553131
1877854
687152
2018220
3317113
2748611
-315730
685537
2605839
2931383
2742146
2034745
3336926
2579972
-249628
764792
1931280
3195793
3059170
-663491
200262
3848069
1540342
801045
2809366
1967061
3204182
2848852
-520364
233816
3006800
2112849
935267
-555714
62784
3741069
1971451
251134
2381360
3691501
1004539
1136831
2183091
-176149
353019
343754
-704600
1412076
1375017
1375907
1453999
1305762
1309320
1621693
1028747
1042974
2292464
-79315
-22405
781247
-317261
-89622
3124985
2925262
-358492
-82972
3312440
2760336
-331888
666849
2652739
2866751
2667395
2222346
3078393
2280974
500772
-269339
735290
2003085
3116950
2941156
-376267
-115110
3376013
2689239
-460442
921136
2368349
2352539
3684542
1084784
1021549
2155259
144831
-108109
232426
579320
-432435
929707
2317279
2464563
3718826
880505
1469646
2292388
-672283
1684283
780943
1505170
2542825
-1070530
1826372
1782693
-87814
3111181
2936470
-351260
-138187
3357274
2789260
-552747
846187
2768430
1983313
3384750
2685109
-455353
956086
2351825
2372894
3824341
1018694
1102965
2714454
-119532
217557
2469211
3716174
870225
1488238
2281780
-713404
1758648
738512
1340688
2840288
-1240256
1168448
2972544
-766720
479488
3501569
1127426
1917949
1423367
315398
3477488
1499165
1261594
1327036
1802357
852074
1113837
3015126
-786011
261046
3671892
1050260
1044184
2104657
6739
-17569
30019
26954
-70280
120076
107816
-281119
480306
431261
-1124474
1921220
1725044
-303592
3490576
2705872
-1214367
1379394
2434876
-663164
1323273
1350899
1541647
1098786
1209288
1972285
200843
642847
-499469
803370
2571384
2196429
3213483
1896926
397105
271022
-800908
1588421
1084091
990670
2159376
142060
-231624
248896
568240
-926495
995586
2272957
488326
-211963
703223
1953303
3346450
2812888
-575395
802890
2862941
1892727
3211558
3063152
-817699
263322
3863996
923508
1053288
2873073
-500269
18846
3103680
2193229
75387
-168194
384305
301551
-672777
1537219
1206202
1503193
1954575
630503
1818467
3623994
2522008
-1114740
1913065
1699426
-264659
3457959
2603399
-1058638
1248920
2024988
-40247
801378
-288659
-160985
3205510
3039664
-643940
239128
3770048
1618545
956514
2497276
2279876
3826056
1600497
730899
2721310
2207680
2923597
2496635
442110
-888528
1597932
1768441
640194
2197421
2879463
2560774
401073
-1065058
1854484
1604292
-65928
3223633
2222867
-263714
311617
502863
-1054857
1246467
2011450
-25128
791565
-342806
-100516
3166260
2823080
-402063
82131
2903711
2586051
328522
-968072
1955597
1314090
322012
3628084
1062056
1288049
1929427
53919
957890
-670904
215677
3831563
1510686
862705
2743342
1848437
3450822
2584756
-994859
1220379
1950415
214866
687209
-586946
859460
2748837
1846523
3437839
2606739
-1002517
1168443
2038347
184235
479466
-235224
736940
1917865
3253410
2947757
-717145
430726
3402417
1325726
1722901
1026759
1108598
2697296
-87267
240091
2400574
3845232
960365
1213690
2798013
-352842
660452
2803445
2782939
2641807
2825170
2743144
2178621
2912075
2583967
325874
-934615
1947263
1303495
455842
3594745
1019678
1823365
1796070
-115596
3099157
2989978
-462387
-186282
3571301
2344758
-745132
1702293
990426
1213772
2614868
-232599
660786
2070861
3263910
2643140
-105164
472728
2183953
3773650
1890909
347207
2511686
3369329
1388830
1658133
894407
1361014
2438224
-616675
1249754
1364284
1727604
804712
1262832
2716112
-975456
857025
2475842
292477
-766201
1514759
1169906
1129496
1864733
485322
323676
-929676
1941288
1294705
475603
3570846
984513
1902415
1700471
-256254
3415352
2607580
-1025016
1078496
2041713
94242
119677
-221753
376967
478707
-887014
1507864
1914829
646251
1837151
3465011
2585003
-1040006
1277129
1951407
34279
914211
-582981
137115
3656843
1862378
548456
2044461
3255210
2193820
-210763
437931
386671
-843053
1751722
1546681
822094
2812581
1992422
3288373
2861718
-418924
570580
3058264
2518609
2282322
3844444
1685828
740680
2794864
2549008
2962720
2790849
1807426
3462268
2774789
-1158901
1266158
2710544
-441299
870330
2453565
2429111
3481318
1425649
1327839
1342358
1508289
1117054
1175125
1838854
273909
506198
-1033196
1095636
2024793
61523
188238
-289439
246094
752948
-1157756
984377
3011795
-436721
-256797
3658570
2447416
-1027188
2051368
1401057
85554
4011164
1409925
342219
3461743
1445394
1368872
1264060
1587272
1281184
861936
2154785
930435
-746562
230529
3721743
1208055
922114
2304056
637916
-505847
827619
2551663
2170914
3310472
1818045
295050
658972
-1116427
1180202
2635884
-271404
526505
2154931
3108687
2106018
231112
-148164
35464
924449
-592654
141852
3697796
1823689
567410
2208268
3100452
2269641
444467
-181105
689954
1777864
3469884
2759816
-1277151
1296627
2650654
-914303
992206
2214004
537092
-225480
467409
2148370
3292381
1869638
204869
586614
-910060
819476
2346456
554065
-916398
997212
2216261
528715
-205458
476433
2114862
3372468
1905732
70840
906961
-765678
283357
3627846
1131588
1133428
1928472
332048
339409
-674718
1328188
1357636
1495432
1118449
1236242
1787421
279495
750662
-1238928
1117981
3002650
-761411
277623
3621991
1148659
1110490
1905048
400332
247657
-768414
1601325
990630
1120645
2210998
-231787
288279
455383
-927150
1153113
1821534
485701
418151
-1102473
1942802
1672601
-215586
3576901
2496103
-862346
1724688
1595804
744920
2704448
2188912
2979681
2429187
367039
-664190
1328137
1468158
1537540
1118245
1678330
1955853
278678
2519012
3629109
1114715
1687439
1933522
264553
2555454
3539781
1058215
1833206
1576208
38557
3138523
2110527
154226
-28823
53502
616900
-115292
214009
2467603
3733134
856033
1481806
2349621
-770170
1732916
1009876
1113624
2737360
-154799
260194
2560828
3575109
1040778
1854700
1717525
-31190
3224492
2675796
-124760
315056
2314576
3695264
1260225
869699
2198142
846593
-715506
403956
3386373
1332283
1615823
962579
1134826
2268985
-343985
344999
687330
-1375944
1379997
2749322
-1309475
1325686
2608676
-1043596
1108440
2046096
19920
239456
-204223
79682
957821
-816889
318726
3831281
926751
1274903
2742210
-487304
905309
2580234
2245084
3621236
1932329
591731
1902031
3535010
2366921
-780481
1557127
1079075
1072379
2034203
121995
95210
-251800
487980
380840
-1007200
1951921
1523362
165500
3613381
1899147
661998
1870609
3402286
2647988
-906172
1026232
2203344
569617
-89373
424766
2278465
3836814
1699061
725255
2764343
2601938
2901017
2668766
2019141
3215463
2286455
-312045
278939
757210
-1248184
1115757
3028842
-798435
268726
3726757
1000566
1074901
2324119
-192042
105297
907871
-768170
421184
3631484
1121624
1684737
1943027
292191
2544642
3577800
1168764
1789960
1728288
480752
2965536
2718848
1923009
3473539
2486783
-696573
1311243
1558522
1408008
1050669
2039787
1437727
8370
3964841
1556606
33476
3276453
2032123
133902
522896
-260115
535610
2091580
3153844
2142441
-22286
32461
181159
-89146
129840
724637
-356581
519358
2898545
2767983
2077431
3205570
2683321
-78882
239365
2344678
3878773
957462
990101
2932182
-364459
-233897
3340119
2736467
-935589
777563
2557259
451947
-1084054
1840424
1807788
-141911
3167395
3036846
-567648
86669
3758779
1923710
346672
2452205
3500538
1386685
1420214
1419237
1352438
1486549
1482646
1215445
1751894
1736277
667479
2813271
2750802
2669912
2864477
2614603
2291038
3069296
2069805
775547
-305729
-109390
3102184
2971389
-437557
-174178
3496944
2444077
-696709
1404862
1387696
1407469
1425147
1356479
1435571
1506282
1231609
1547982
1830820
732132
1997624
3128977
2928530
-398115
-67002
3325509
2601846
-268011
719126
2018773
3122262
2876501
-313513
-93866
3117393
2940254
-375468
-113339
3372411
2692430
-453359
906734
2381108
2380869
3626939
1135823
1134866
1924841
348991
345158
-689248
1395964
1380633
1437314
1389549
1328231
1554950
1363889
1118622
2025492
1261252
280184
3907664
850704
1120736
3047744
-791487
288643
3802367
1028355
1154571
2626555
-80886
423976
2117612
3870760
1695905
81842
2900124
2589317
327371
-982417
1968659
1309483
264634
3680328
1043628
1058536
2138400
-19791
39843
164990
-79167
159375
659959
-316669
637499
2639835
2927627
2549994
2170729
3321902
1811364
294309
704699
-1143154
1177232
2818797
-378309
514623
2886579
2681067
2058491
3157706
2335656
-154643
47915
954014
-618575
191663
3816054
1720001
766654
2681300
2685700
3066617
2336594
2354189
3877863
957767
1028147
2928538
-363240
-81716
3325544
2741344
-326864
719264
2576768
2886848
2877057
1918466
3158781
3119622
-714747
52214
4089876
1335317
208859
3776590
1146960
835437
2523451
393534
-852560
1705197
1574138
784061
2626486
2102245
3136247
2117334
20368
-37923
80731
81471
-151694
322920
325885
-606773
1291678
1303536
1767212
972408
1019841
2874546
-304675
-114937
3109575
2975603
-459750
-144615
3513807
2355302
-578463
1472319
1032598
1880448
1694973
-63909
3327486
2585584
-255636
727033
1953730
3171757
2908134
-573691
104119
3243926
1899536
416477
392794
-790467
1665911
1571175
1032435
2469338
2090393
4129743
1488743
-27037
3936059
1760666
-108151
3161327
2848358
-432608
62397
3004827
2463871
249586
-563608
1466876
998345
1939874
1673197
-200922
3565189
2498487
-803689
1677842
1605337
979550
2517061
2227047
3918199
1679635
519578
3089880
2524237
2078314
3970908
1708340
-75352
3300721
2639058
-301411
619975
2167623
2988659
2479899
281883
-628277
1530986
1127528
1681197
1929643
315807
2530482
3524265
1263231
1733319
1514147
858618
2738968
1862284
3434473
2567267
-939473
1154978
1880457
436414
425605
-866777
1745654
1702416
727196
2788312
2615361
2908786
2764637
2072838
3246532
2669941
-97254
403212
2291157
3805291
1612847
776019
2638250
2257081
3104078
2164389
639718
-166603
268950
2558868
3527892
1075800
1846865
1528658
108892
3193157
1920331
435567
189715
-707285
1742266
758857
1365166
2774757
-1158873
1266358
2710416
-441187
871130
2453053
2429559
3484518
1423601
1329631
1355158
1500097
1124222
1226324
1806084
302585
710995
-1164274
1210336
2843980
-462792
647040
2987312
2343136
2588160
3560641
983939
1964031
1659650
-258551
3661823
2444295
-1034206
2064377
1388574
57477
4063206
1359988
229909
3669914
1245645
919639
2096743
788274
-515752
-1635
3153098
2131292
-6539
29483
136559
-26158
117929
546239
-104633
471714
2184952
3775773
1886859
351198
2520177
3353135
1404791
1692099
829626
1424857
2574094
-875804
1505125
1907770
691084
1826196
3436777
2764339
-1083825
1164194
2668745
-140993
462471
2286370
3630328
1849884
756873
1938403
3205231
3027491
-634998
238009
3721358
1654309
952038
2302516
2422932
3808152
821457
1303122
2649693
-908473
1018182
2210161
560414
-121580
452037
2241658
3707980
1808149
578026
2249005
3038295
2312103
607410
-429735
859806
2429636
2475364
3439224
1329937
1512851
1173982
1125440
1857101
501626
307452
-960203
2006507
1229807
353490
3831721
724927
1413959
2743970
-1294600
1461533
2587275
-984098
1651824
1960493
257915
2412990
3647664
1031660
1263352
2007744
-67664
859105
-357629
-270658
3436417
2763791
-1082633
1162754
2666553
-136225
456711
2277602
3649400
1826844
721800
2014688
3113073
2887203
-329858
-130624
3160205
2874875
-522498
57905
3110895
2104310
231616
-139332
28632
926465
-557325
114526
3705857
1965007
458102
2240512
3665724
1832408
573441
2079987
3135326
2293761
-68658
-41611
786438
-274635
-166441
3145751
3095762
-665767
94
3994437
1531238
373
3394839
1930647
1490
996440
-666019
5962
3985757
1530230
23845
3360119
1926614
95376
857565
-682149
381502
3430257
1465711
1526007
1138115
1668539
1909723
358155
2479850
3444584
1432620
1530792
1195424
1536176
1928864
587392
1950400
3521153
2349571
-587010
1501697
1009679
1846262
1812481
-155586
3190741
3055622
-622348
180052
3833880
1704912
720208
2752609
2625347
2880830
2621825
2112783
3134710
2098689
62526
-44075
6150
250101
-176297
24599
1000402
-705192
98396
4001609
1373539
393582
3423520
1299852
1574328
1111168
1005105
2103010
250364
-173884
23433
1001459
-695537
93730
4005832
1412157
374922
3440413
1454327
1499686
1178736
1623005
1804443
520638
2297712
3023468
2082552
802240
-489040
-58399
3208962
2238141
-233594
252933
563959
-934377
1011731
2255834
456793
-147377
634726
1827168
3604796
2538905
-1079934
1836268
1767013
-125429
3150767
2873746
-501719
20159
3106375
2187427
80634
-157415
361103
322534
-629663
1444414
1290133
1675654
1583348
966228
2508313
2139090
3864909
1644647
167751
2876722
2384280
671004
-1076024
1148512
2684016
-109791
399746
2347453
3755142
1598981
1001206
2437652
2201621
4004827
1361998
417873
3436399
1253686
1671488
1162684
820441
2491650
456429
-912538
1577988
1825717
544155
2117646
3108561
2176622
81973
-148665
317879
327891
-594662
1271513
1311566
1815652
891748
1051960
3068305
-627309
13534
3884608
1685069
54139
2955519
2545971
216555
-760837
1795274
866216
1150957
2986795
-729441
409522
3558568
1276541
1638091
1651359
911858
2358056
2411133
3647434
1043613
1255927
2006822
-19856
829404
-361320
-79424
3317616
2749024
-317696
687552
2607488
2923521
2750211
2041342
3305472
2612237
-223238
638972
2060341
3301354
2555885
-147242
622501
1834934
3605333
2490007
-1048874
1838416
1571421
-1189
3159359
2091378
-4759
54527
-23098
-19040
218109
-92389
-76161
872435
-369558
-304648
3489740
2716072
-1218591
1376050
2475677
-680058
1309892
1514101
1474074
1045261
1862102
1701988
-13259
3254107
2613646
-53039
433519
2065974
3982144
1734077
-124709
3345663
2742002
-498839
799743
2579399
2198947
3198970
1928985
407182
212964
-672668
1628729
851858
1503628
2320612
-786872
1820208
893840
1046816
3086529
-618942
-7043
3957511
1718534
-28176
3247132
2679833
-112702
405612
2330724
3743496
1622448
934288
2391072
2295488
3737152
1175680
793344
2365697
508419
-1020929
1074178
2033672
110589
102411
-253921
442355
409643
-1015686
1769416
1638573
131563
2883359
2359986
526249
-1049474
1051332
2104997
-3589
11023
31378
-14359
44095
125511
-57437
176378
502041
-229745
705510
2008161
3275327
2822038
-355968
518396
2899544
2770432
2073585
3209571
2693118
-94272
255372
2383864
3817216
1021489
1146850
2685949
-108346
393092
2355188
3760921
1572371
1032143
2460770
2095177
4128575
1454470
-7903
3931390
1623572
-31611
3142650
2299981
-126441
-12313
811315
-505766
-49256
3245260
2171240
-197024
398129
296355
-788098
1592513
1185422
1041908
2175748
547384
-26672
314385
2189538
4087612
1257540
369545
3767539
835855
1478179
2487243
-850886
1718408
1560365
790763
2679326
2047152
3163052
2328697
-199997
69295
926179
-799989
277179
3704714
994345
1108719
2235943
-216925
240570
555161
-867697
962278
2220640
723516
-345192
493952
2894065
2813539
1975806
3187648
2865549
-485382
167677
3073591
2252775
670706
-288551
622495
2682822
3040096
2489980
2342681
3771778
1571309
982119
2504199
2090930
3928473
1628190
-24892
3130981
2318459
-99569
-58989
885226
-398279
-235953
3540903
2601187
-943813
1580699
2016139
419050
2128489
3870255
1676199
125347
2898106
2510489
501390
-990492
1653349
2005563
232335
2419090
3827944
929340
1287753
2728867
-476945
956706
2526857
2286526
3826820
1718820
757497
2724371
2680975
3029987
2508874
2335288
3731340
1646888
952545
2342451
2393247
3810178
981193
1184383
2657798
-269536
543228
2242585
3116162
2172909
581735
-118265
303026
2326937
3721246
1212100
919140
2302073
654099
-517745
819682
2616393
2123326
3278725
2076966
104692
531989
-80742
418764
2127956
3871336
1675057
123218
2902429
2505927
492871
-973197
1635099
1971483
301515
2346090
3691624
1206060
995753
2183586
629932
-211291
345738
2519725
3349143
1382950
1690289
813662
1337492
2566853
-939654
1155661
1878807
435687
428338
-873383
1742751
1713351
700770
2776696
2659101
2803083
2718174
2247792
2823724
2484089
602562
-1288020
1547748
2410249
-957773
1996686
1252384
363213
3792443
815231
1452850
2586857
-933378
1617093
1958822
460789
2274071
3640983
1843154
707673
1981022
3178308
2830692
-464520
130321
2934163
2336223
521282
-846264
956284
2085128
809249
-369166
-48099
3236998
2717636
-192396
365080
2481936
3424721
1460323
1539135
1115971
1646986
1962232
269580
2393640
3654625
1078322
1185949
2035590
118981
549494
-246251
475926
2197973
3209303
1903702
403281
254302
-773804
1613124
1017208
1099089
2258195
-125474
202048
644173
-501894
808189
2576694
2186724
3232756
1918169
358291
348110
-715936
1433164
1392440
1330560
1538352
1375456
1127937
1959107
1307519
317443
3642122
1035769
1269775
1985574
-51231
884799
-446313
-204925
3539195
2409051
-819701
1573867
1247595
915498
2101160
796076
-532311
16034
3184301
2065062
64132
154292
-128359
256531
617166
-513440
1026124
2468664
2140545
4104498
1486044
173573
3835083
1749871
694291
2757419
2805178
2777161
2641070
2832101
2720038
2175669
2939799
2491542
314064
-823716
1577561
1256258
899437
2115942
830724
-596555
75162
3322893
1808086
300644
708660
-1156264
1202577
2834643
-430754
616001
2949966
2471284
2464005
3411259
1496526
1467409
1062127
1791798
1675329
54207
2972887
2507011
216826
-691367
1639438
867300
1428836
2363449
-725102
1521037
1065190
1293892
1889845
66459
981262
-829231
265838
3925045
877382
1063349
3117271
-684777
59090
4080473
1455199
236359
3738979
1626490
945433
2373007
2311654
3781728
1103420
858008
2544000
219377
-762270
1787389
877510
1145220
2955253
-684262
386573
3432407
1457254
1546288
1146716
1634713
1990851
392558
2344545
3769102
1570229
989575
2493495
2086610
3958297
1585374
-42171
3250279
2147190
-168687
418207
200151
-674750
1672825
800606
1495301
2496998
-991884
1786900
1599385
226770
2953292
2203237
907082
-769747
424342
3628325
1115319
1697367
1930386
266969
2595167
3527239
1067875
1992058
1526041
77199
3773926
1909857
308799
2512791
3445123
1235194
1662553
1197583
746470
2455905
596031
-1208426
1435009
2384127
-639402
1545729
1147903
1636695
1988610
397305
2352479
3760135
1589218
1021304
2457628
2162569
4085218
1441901
261670
3757957
1573303
1046679
2448914
2098905
4186718
1407044
7012
4163960
1433873
28050
4072924
1541189
112202
3708781
1970455
448806
2252208
3687517
1795227
620223
2167155
2986603
2480891
280011
-636501
1534954
1120040
1648300
1945513
285859
2398894
3587745
1143439
1206967
1768067
379451
633562
-1316344
1517805
2534251
-1071073
1876914
1748393
-89986
3313349
2799270
-359948
670485
2808474
2754509
2681942
2845284
2629428
2339161
2992530
2129100
968037
-612789
127791
3872147
1743147
511163
2905674
2778281
2044654
3234085
2724518
-209995
353430
2509461
3354327
1413719
1649234
834392
1460572
2402632
-856736
1647985
1221923
767359
2397634
693384
-1124868
1201928
2773537
-305166
613404
2705540
2973640
2453617
2433555
3505951
1425859
1345611
1440891
1509130
1188136
1569260
1842217
558242
2082733
3174566
2232965
-57673
115351
543251
-230694
461400
2173005
3271531
1845598
303408
503212
-1006216
1213632
2012848
169441
660226
-337220
677765
2640907
2845422
2711056
2175020
2993081
2455618
311468
-610588
1433865
1245874
1751948
1541156
789192
2813489
1970323
3156766
2865345
-507313
44150
3072768
2165052
176601
-291837
271599
706403
-1167349
1086394
2825608
-475092
151273
2913827
2293934
605089
-927602
787124
2420356
483897
-1045806
1292813
1935591
11078
976944
-646243
44315
3907774
1609328
0
0
0
0
0
0
0
0
0
0
